"species","x","y","layer.1","layer.2","layer.3","layer.4","layer.5","layer.6","layer.7"
"species",1,1,0,0.102757389406864,0.840904582424122,0.0424518944653839,0.0138861337036302,0,349
"species",2,2,0,0.109303709581432,0.830589168815711,0.0601071216028566,0,0,347
"species",3,3,0,0.0741916286451101,0.823646101963896,0.0952192025391787,0.00694306685181512,0,332
"species",4,4,0.000396746677246578,0.04463400119024,0.671493751239833,0.18091648482444,0.00833168022217814,0.0942273358460623,361
"species",5,5,0.000793493354493156,0.0989882959730212,0.750247966673279,0.141836937115652,0.000793493354493156,0.00733981352906169,327
"species",6,6,0,0.0212259472326919,0.574885935330292,0.392977583812736,0.00119024003173973,0.00972029359254116,423
"species",7,7,0.00158698670898631,0.0470144812537195,0.847450902598691,0.0172584804602261,0.00932354691529458,0.0773656020630827,449
"species",8,8,0,0.0122991469946439,0.749454473318786,0.227137472723666,0.00198373338623289,0.00912517357667129,377
"species",9,9,0,0.019242213846459,0.877603650069431,0.101567149375124,0.00158698670898631,0,390
"species",10,10,0,0.197976591946042,0.485419559611188,0.1942074985122,0.122197976591946,0.000198373338623289,284
"species",11,11,0,0.00952192025391787,0.563777028367387,0.325729022019441,0.092640349137076,0.00833168022217814,240
"species",12,12,0.000991866693116445,0.285855980956159,0.654235270779607,0.0529656814124182,0.00595120015869867,0,276
"species",13,13,0,0.0124975203332672,0.886133703630232,0.086490775639754,0.0148780003967467,0,396
"species",14,14,0,0.0714144019043841,0.732394366197183,0.161475897639357,0.0305494941479865,0.00416584011108907,364
"species",15,15,0,0.0710176552271375,0.707597698869272,0.186272564967268,0.0309462408252331,0.00416584011108907,329
"species",16,16,0,0.0053560801428288,0.710970045625868,0.275937314024995,0.00396746677246578,0.00376909343384249,360
"species",17,17,0,0.0829200555445348,0.647292203927792,0.111485816306288,0.156714937512398,0.00158698670898631,347
"species",18,18,0,0.0117040269787741,0.786153540964094,0.127554056734775,0.0745883753223567,0,384
"species",19,19,0,0.0384844276929181,0.577663162071018,0.111089069629042,0.272763340607022,0,368
"species",20,20,0,0.105137869470343,0.71533425907558,0.0616941083118429,0.117833763142234,0,302
"species",21,21,0,0.22495536599881,0.704225352112676,0.0152747470739933,0.0555445348145209,0,356
"species",22,22,0,0.160285657607618,0.601467962705812,0.125173576671295,0.113072803015275,0,309
"species",23,23,0.000396746677246578,0.200952192025392,0.665344177742511,0.0930370958143226,0.0402697877405277,0,285
"species",24,24,0,0.181709978178933,0.763142233683793,0.0537591747669113,0.00138861337036302,0,393
"species",25,25,0,0.178337631422337,0.801031541360841,0.0206308272168221,0,0,263
"species",26,26,0.000198373338623289,0.341202142432057,0.636183296964888,0.0176552271374727,0.00476096012695894,0,322
"species",27,27,0,0.128149176750645,0.785360047609601,0.0781590954175759,0.00833168022217814,0,400
"species",28,28,0,0.302519341400516,0.647093830589169,0.0168617337829796,0.031541360841103,0.00198373338623289,459
"species",29,29,0,0.0269787740527673,0.968458639158897,0.00456258678833565,0,0,341
"species",30,30,0,0.0783574687561992,0.871652449910732,0.0438405078357469,0.00614957349732196,0,307
"species",31,31,0,0.0194405871850823,0.955167625471137,0.0242015473120413,0.00119024003173973,0,343
"species",32,32,0,0.0448323745288633,0.359055742908153,0.37452886332077,0.221583019242214,0,386
"species",33,33,0,0.173378297956755,0.659194604245189,0.0874826423328705,0.0771672287244594,0.00277722674072605,358
"species",34,34,0,0.0202340805395755,0.922237651259671,0.0293592541162468,0.0035707200952192,0.0245982939892878,408
"species",35,35,0,0.0291608807776235,0.951001785360048,0.0184487204919659,0.00138861337036302,0,379
"species",36,36,0,0.260067446935132,0.557627454870065,0.0866891489783773,0.0956159492164253,0,420
"species",37,37,0,0.00952192025391787,0.514580440388812,0.307478674866098,0.168022217813926,0.000396746677246578,376
"species",38,38,0,0.0382860543542948,0.938305891688157,0.0232096806189248,0,0.000198373338623289,297
"species",39,39,0,0.0440388811743702,0.865701249752033,0.0890696290418568,0.00119024003173973,0,353
"species",40,40,0,0.0402697877405277,0.953977385439397,0.0035707200952192,0.00218210672485618,0,341
"species",41,41,0,0.270382860543543,0.681809164848244,0.035707200952192,0.0121007736560206,0,359
"species",42,42,0,0.0138861337036302,0.910930370958143,0.056933148184884,0.0182503471533426,0,332
"species",43,43,0.000595120015869867,0.386431263638167,0.492957746478873,0.0531640547510415,0.0614957349732196,0.0053560801428288,389
"species",44,44,0.00119024003173973,0.141043443761158,0.779408847450903,0.0484030946240825,0.0236064272961714,0.00634794683594525,446
"species",45,45,0.000595120015869867,0.308867288236461,0.547907161277524,0.0648680817298155,0.0739932553064868,0.00376909343384249,384
"species",46,46,0.000198373338623289,0.0519738147193017,0.474112279309661,0.44753025193414,0.00694306685181512,0.019242213846459,349
"species",47,47,0,0.295774647887324,0.517357667129538,0.152945844078556,0.0200357072009522,0.0138861337036302,393
"species",48,48,0,0.356873636183297,0.511604840309462,0.0979964292799048,0.0335250942273358,0,324
"species",49,49,0,0.0172584804602261,0.388216623685777,0.257091846855783,0.317397341797262,0.0200357072009522,349
"species",50,50,0.000396746677246578,0.334655822257489,0.485419559611188,0.137869470343186,0.0396746677246578,0.00198373338623289,281
"species",51,51,0.0134893870263837,0.277921047411228,0.534417774251141,0.0289625074390002,0.0188454671692125,0.126363816703035,393
"species",52,52,0.000991866693116445,0.419956357865503,0.527871454076572,0.0144812537195001,0.0113072803015275,0.025391787343781,353
"species",53,53,0,0.0303511208093632,0.568934735171593,0.22614560603055,0.174568537988494,0,351
"species",54,54,0,0.290616941083118,0.685379884943464,0.0232096806189248,0.000793493354493156,0,379
"species",55,55,0,0.46320174568538,0.53679825431462,0,0,0,370
"species",56,56,0,0.130926403491371,0.539377107716723,0.320968061892482,0.00872842689942472,0,294
"species",57,57,0,0.150565364015076,0.720095219202539,0.0726046419361238,0.0547510414600278,0.00198373338623289,329
"species",58,58,0,0.0795477087879389,0.816901408450704,0.103550882761357,0,0,364
"species",59,59,0,0.0474112279309661,0.834556635588177,0.118032136480857,0,0,378
"species",60,60,0,0.334060702241619,0.55187462804999,0.07478674866098,0.0392779210474112,0,314
"species",61,61,0,0.124975203332672,0.742709779805594,0.10672485617933,0.0243999206506646,0.00119024003173973,267
"species",62,62,0,0.0113072803015275,0.815909541757588,0.172783177940885,0,0,295
"species",63,63,0,0.0670501884546717,0.62785161674271,0.164451497718707,0.140646697083912,0,308
"species",64,64,0,0.102162269390994,0.471930172584805,0.155723070819282,0.26780400714144,0.00238048006347947,332
"species",65,65,0,0.00773656020630827,0.673279111287443,0.287046220987899,0.0319381075183495,0,378
"species",66,66,0,0.00456258678833565,0.668518151160484,0.326125768696687,0.000793493354493156,0,365
"species",67,67,0.000595120015869867,0.0847054155921444,0.643721483832573,0.157905177544138,0.00614957349732196,0.106923229517953,290
"species",68,68,0,0.00614957349732196,0.70204324538782,0.291013687760365,0.000793493354493156,0,340
"species",69,69,0.000198373338623289,0.0313429875024797,0.513588573695695,0.384645903590557,0.00694306685181512,0.0632810950208292,433
"species",70,70,0,0.0365006943066852,0.62487601666336,0.232691926205118,0.105931362824836,0,384
